function K = lqr_k(L0)
%LQR_K
%    K = LQR_K(L0)

%    This function was generated by the Symbolic Math Toolbox version 9.2.
%    28-Mar-2026 15:54:13

t2 = L0.^2;
t3 = L0.^3;
mt1 = [L0.*(-7.369365311303255e+2)+t2.*5.558979023180193e+2-t3.*3.184758744814018e+2-7.465276756785828e+1];
mt2 = [L0.*5.708806784875954e+1-t2.*1.738273021426989e+2+t3.*1.58532051183351e+2+1.317360980014247e+1];
mt3 = [L0.*(-9.610284914804753e+1)-t2.*1.49989008947167e+2+t3.*1.16502175966964e+2-1.227166594887205e+1];
mt4 = [L0.*3.356374721714432-t2.*8.067581644037862e-1-t3.*3.92121777993562+2.876520306430567];
mt5 = [L0.*(-2.026056733491279)-t2.*7.685693296532591e-2+t3.*3.157234032201298-2.746963537799252e+1];
mt6 = [L0.*(-3.276803639374706)-t2.*1.130769798418724e+1+t3.*1.915349036265912e+1+3.796642859046669];
mt7 = [L0.*3.16206573914299-t2.*6.402570787261919e+1+t3.*7.624885991438484e+1-8.598725104402101e+1];
mt8 = [L0.*(-1.171445999113657e+1)-t2.*2.636789654679216e+1+t3.*4.868801374907125e+1+1.172097711559083e+1];
mt9 = [L0.*(-2.761030140265272e+2)+t2.*4.21190770735406e+2-t3.*2.799488701187273e+2+1.078172200166526e+2];
mt10 = [L0.*4.900520707247081e+1-t2.*9.479693355953032e+1+t3.*7.171834851220969e+1+1.201225879413155e+2];
mt11 = [L0.*(-1.99179437432334e+1)+t2.*3.465944014023495e+1-t3.*2.649995054005599e+1+1.189594515367515e+1];
mt12 = [L0.*(-2.95509028352256)+t2.*1.357867506824143e+1-t3.*1.529800990041895e+1+3.894011720219869];
K = reshape([mt1,mt2,mt3,mt4,mt5,mt6,mt7,mt8,mt9,mt10,mt11,mt12],2,6);
